1 45 43 5
2 294 25 1
3 267 26 5
4 294 90 3
5 164 38 3
6 17 80 2
7 0 23 2
8 270 31 1
9 48 53 5
10 122 75 5
11 175 73 2
12 183 74 1
13 178 53 2
14 0 45 5
15 128 29 4
16 74 53 1
17 133 49 1
18 148 51 1
19 126 54 2
20 254 70 2
21 240 65 4
22 105 67 4
23 174 93 2
24 153 68 4
25 277 38 1
26 184 29 5
27 2 39 4
28 11 31 1
29 72 18 2
30 113 67 1
31 299 2 3
32 83 69 2
33 259 49 1
34 139 100 2
35 15 92 1
36 25 57 4
37 167 61 4
38 130 73 5
39 241 17 2
40 80 25 1
41 99 82 1
42 123 73 5
43 271 27 5
44 31 27 3
45 229 83 1
46 241 2 4
47 114 63 4
48 135 27 2
49 286 8 1
50 83 35 2
51 84 32 3
52 168 63 2
53 240 79 2
54 104 53 5
55 73 58 2
56 83 22 4
57 118 66 4
58 43 1 4
59 67 67 2
60 83 1 1
61 187 28 3
62 187 41 5
63 199 40 4
64 116 88 3
65 9 34 4
66 221 55 5
67 16 96 3
68 179 97 1
69 110 54 2
70 22 26 4
71 169 88 1
72 274 51 1
73 288 68 2
74 84 48 1
75 121 44 1
76 241 32 5
77 274 31 2
78 21 43 4
79 55 76 4
80 8 29 5
81 2 26 5
82 58 24 5
83 263 80 4
84 17 31 1
85 132 8 2
86 129 69 3
87 156 67 2
88 224 56 4
89 19 83 5
90 163 93 4
91 79 29 4
92 74 78 2
93 147 34 4
94 63 6 2
95 191 48 1
96 203 35 4
97 210 83 4
98 262 32 3
99 26 7 1
100 205 53 5
