1 0 45 4
2 2 73 1
3 4 44 4
4 6 24 4
5 8 4 4
6 10 21 3
7 12 1 1
8 14 43 3
9 16 92 3
10 18 56 1
11 20 20 4
12 22 75 4
13 24 7 2
14 26 63 5
15 28 100 4
16 30 93 3
17 32 100 4
18 34 28 2
19 36 99 1
20 38 21 3
21 40 68 5
22 42 77 2
23 44 98 1
24 46 86 2
25 48 69 2
26 50 87 4
27 52 23 1
28 54 49 2
29 56 75 4
30 58 74 1
31 60 28 2
32 62 77 1
33 64 43 1
34 66 9 3
35 68 2 2
36 70 80 3
37 72 75 5
38 74 88 4
39 76 51 2
40 78 17 2
41 80 72 4
42 82 21 2
43 84 33 5
44 86 6 5
45 88 73 4
46 90 27 3
47 92 7 4
48 94 80 1
49 96 75 5
50 98 62 3
51 100 22 3
52 102 45 1
53 104 72 5
54 106 36 5
55 108 63 5
56 110 31 1
57 112 96 4
58 114 14 1
59 116 59 3
60 118 11 3
61 120 37 2
62 122 53 3
63 124 8 3
64 126 84 3
65 128 4 2
66 130 17 3
67 132 24 5
68 134 12 1
69 136 30 2
70 138 76 3
71 140 3 3
72 142 22 4
73 144 69 3
74 146 78 4
75 148 3 1
76 150 61 2
77 152 94 5
78 154 7 1
79 156 89 3
80 158 80 1
81 160 25 1
82 162 3 1
83 164 29 3
84 166 27 1
85 168 17 4
86 170 2 2
87 172 8 5
88 174 21 5
89 176 79 5
90 178 82 2
91 180 46 5
92 182 82 3
93 184 86 5
94 186 1 1
95 188 86 5
96 190 100 2
97 192 60 3
98 194 35 5
99 196 94 2
100 198 25 3
