28 2 75 2
41 3 24 4
56 5 66 1
80 5 68 5
52 16 12 2
24 17 96 2
9 18 71 2
74 18 25 1
94 21 5 4
68 26 9 1
99 27 71 1
29 33 22 4
45 33 98 4
61 35 42 4
63 37 59 3
73 41 96 4
35 44 22 3
86 49 75 5
34 51 97 1
53 52 30 4
12 59 22 2
37 60 32 2
89 60 33 5
1 62 24 1
42 62 99 2
59 62 15 5
87 62 10 4
98 63 68 1
2 65 52 1
32 66 30 2
62 69 38 5
84 70 4 2
92 70 73 1
96 73 15 5
100 75 70 4
54 79 62 3
26 80 65 2
97 80 57 5
17 82 20 5
20 87 65 2
82 89 20 3
31 93 45 5
36 93 62 1
60 93 18 4
38 94 21 1
57 95 33 5
49 96 50 1
79 96 91 1
22 98 29 4
46 99 7 3
15 100 52 3
4 102 17 1
83 102 81 5
88 102 19 5
58 103 59 1
77 105 3 2
95 108 49 4
64 109 4 3
47 110 38 4
70 110 21 5
76 110 22 4
21 111 3 4
50 111 58 1
91 112 19 1
81 113 33 4
67 115 89 4
16 120 35 1
66 122 60 1
69 123 3 5
72 125 9 1
25 126 46 3
8 136 32 1
78 136 62 3
23 138 70 2
75 139 90 1
71 140 8 5
6 141 30 3
11 142 11 2
93 145 6 4
55 151 6 2
44 152 69 5
10 157 99 4
7 162 2 3
33 164 98 5
65 166 16 1
14 171 83 2
48 177 84 2
19 178 13 4
13 179 78 3
39 182 45 3
27 185 8 1
43 185 14 3
40 188 12 2
18 193 16 4
3 194 45 5
51 194 35 4
30 198 24 3
85 199 56 4
90 199 57 2
5 200 83 5
